R1_path,R2_path,file_modality,measurement_sets,sequencing_run,lane,seqspec,barcode_onlist,guide_design,barcode_hashtag_map
gs://igvf-pertub-seq-pipeline-data/Engreitz_WTC11-benchmark_TF-Perturb-seq/2026_02_26/2025/07/25/8c91f55c-4fa8-42ca-9521-138a04ee75ac/IGVFFI5060ECOI.fastq.gz,gs://igvf-pertub-seq-pipeline-data/Engreitz_WTC11-benchmark_TF-Perturb-seq/2026_02_26/2025/07/25/c69f62bd-f9a4-4f7d-bcb3-bfedc013a6d0/IGVFFI3910RQGD.fastq.gz,scRNA,IGVFDS4742SPAY,2,,gs://igvf-pertub-seq-pipeline-data/Engreitz_WTC11-benchmark_TF-Perturb-seq/2026_02_26/2026/02/17/07b094db-5b24-49f4-b37a-8fd62edfd3b1/IGVFFI3233TGBF.yaml.gz,gs://igvf-pertub-seq-pipeline-data/Engreitz_WTC11-benchmark_TF-Perturb-seq/2026_02_26/2025/10/16/f776605b-d517-4eb8-a4aa-7f2f588d9553/IGVFFI9984SVPZ.tsv.gz,gs://igvf-pertub-seq-pipeline-data/Engreitz_WTC11-benchmark_TF-Perturb-seq/2026_02_26/2025/08/04/cc3d00eb-118c-4230-945f-3cdb847cd849/IGVFFI5765HMZH.tsv.gz,
gs://igvf-pertub-seq-pipeline-data/Engreitz_WTC11-benchmark_TF-Perturb-seq/2026_02_26/2025/07/22/5e4f2dde-ec8e-4714-852c-b0fc1bbef15a/IGVFFI5283FQFL.fastq.gz,gs://igvf-pertub-seq-pipeline-data/Engreitz_WTC11-benchmark_TF-Perturb-seq/2026_02_26/2025/07/22/c89112f8-6629-4613-b467-63050ec152a5/IGVFFI6344YNGJ.fastq.gz,scRNA,IGVFDS4742SPAY,1,,gs://igvf-pertub-seq-pipeline-data/Engreitz_WTC11-benchmark_TF-Perturb-seq/2026_02_26/2026/02/17/07b094db-5b24-49f4-b37a-8fd62edfd3b1/IGVFFI3233TGBF.yaml.gz,gs://igvf-pertub-seq-pipeline-data/Engreitz_WTC11-benchmark_TF-Perturb-seq/2026_02_26/2025/10/16/f776605b-d517-4eb8-a4aa-7f2f588d9553/IGVFFI9984SVPZ.tsv.gz,gs://igvf-pertub-seq-pipeline-data/Engreitz_WTC11-benchmark_TF-Perturb-seq/2026_02_26/2025/08/04/cc3d00eb-118c-4230-945f-3cdb847cd849/IGVFFI5765HMZH.tsv.gz,
gs://igvf-pertub-seq-pipeline-data/Engreitz_WTC11-benchmark_TF-Perturb-seq/2026_02_26/2025/07/22/6e04dc98-912f-4d63-8d33-c966c5dea041/IGVFFI3908YQWI.fastq.gz,gs://igvf-pertub-seq-pipeline-data/Engreitz_WTC11-benchmark_TF-Perturb-seq/2026_02_26/2025/07/22/a043a365-b13b-47fa-a95d-42f882200b60/IGVFFI1120PCRM.fastq.gz,scRNA,IGVFDS4110WAOQ,1,,gs://igvf-pertub-seq-pipeline-data/Engreitz_WTC11-benchmark_TF-Perturb-seq/2026_02_26/2026/02/17/72ae6b97-20d4-4e63-a5d9-4bf16e72dc69/IGVFFI9866OPSG.yaml.gz,gs://igvf-pertub-seq-pipeline-data/Engreitz_WTC11-benchmark_TF-Perturb-seq/2026_02_26/2025/10/16/f776605b-d517-4eb8-a4aa-7f2f588d9553/IGVFFI9984SVPZ.tsv.gz,gs://igvf-pertub-seq-pipeline-data/Engreitz_WTC11-benchmark_TF-Perturb-seq/2026_02_26/2025/08/04/cc3d00eb-118c-4230-945f-3cdb847cd849/IGVFFI5765HMZH.tsv.gz,
gs://igvf-pertub-seq-pipeline-data/Engreitz_WTC11-benchmark_TF-Perturb-seq/2026_02_26/2025/07/25/98b82a70-5f46-4cb2-b4e4-ff158979b8c8/IGVFFI1478KCBG.fastq.gz,gs://igvf-pertub-seq-pipeline-data/Engreitz_WTC11-benchmark_TF-Perturb-seq/2026_02_26/2025/07/25/f103d017-4a39-487d-b1b3-69cca2fe858b/IGVFFI9187QNLK.fastq.gz,scRNA,IGVFDS4110WAOQ,2,,gs://igvf-pertub-seq-pipeline-data/Engreitz_WTC11-benchmark_TF-Perturb-seq/2026_02_26/2026/02/17/72ae6b97-20d4-4e63-a5d9-4bf16e72dc69/IGVFFI9866OPSG.yaml.gz,gs://igvf-pertub-seq-pipeline-data/Engreitz_WTC11-benchmark_TF-Perturb-seq/2026_02_26/2025/10/16/f776605b-d517-4eb8-a4aa-7f2f588d9553/IGVFFI9984SVPZ.tsv.gz,gs://igvf-pertub-seq-pipeline-data/Engreitz_WTC11-benchmark_TF-Perturb-seq/2026_02_26/2025/08/04/cc3d00eb-118c-4230-945f-3cdb847cd849/IGVFFI5765HMZH.tsv.gz,
gs://igvf-pertub-seq-pipeline-data/Engreitz_WTC11-benchmark_TF-Perturb-seq/2026_02_26/2025/07/22/8ecf42f0-1294-4b4a-8159-09cf35ec70f2/IGVFFI1751KWTP.fastq.gz,gs://igvf-pertub-seq-pipeline-data/Engreitz_WTC11-benchmark_TF-Perturb-seq/2026_02_26/2025/07/22/0dfad47e-051a-4369-b91c-d3559dbeca6c/IGVFFI0496MNYP.fastq.gz,scRNA,IGVFDS3696BCUD,1,,gs://igvf-pertub-seq-pipeline-data/Engreitz_WTC11-benchmark_TF-Perturb-seq/2026_02_26/2026/02/17/faa276af-7051-4f95-ac93-8fb4e8e0d76e/IGVFFI8161HYYS.yaml.gz,gs://igvf-pertub-seq-pipeline-data/Engreitz_WTC11-benchmark_TF-Perturb-seq/2026_02_26/2025/10/16/f776605b-d517-4eb8-a4aa-7f2f588d9553/IGVFFI9984SVPZ.tsv.gz,gs://igvf-pertub-seq-pipeline-data/Engreitz_WTC11-benchmark_TF-Perturb-seq/2026_02_26/2025/08/04/cc3d00eb-118c-4230-945f-3cdb847cd849/IGVFFI5765HMZH.tsv.gz,
gs://igvf-pertub-seq-pipeline-data/Engreitz_WTC11-benchmark_TF-Perturb-seq/2026_02_26/2025/07/25/4db43567-e0d2-4e38-8948-4f2adc9a9cc7/IGVFFI2062KFSC.fastq.gz,gs://igvf-pertub-seq-pipeline-data/Engreitz_WTC11-benchmark_TF-Perturb-seq/2026_02_26/2025/07/25/9fa6dd34-25f5-4f17-9278-518369468ae0/IGVFFI3396TRNR.fastq.gz,scRNA,IGVFDS3696BCUD,2,,gs://igvf-pertub-seq-pipeline-data/Engreitz_WTC11-benchmark_TF-Perturb-seq/2026_02_26/2026/02/17/faa276af-7051-4f95-ac93-8fb4e8e0d76e/IGVFFI8161HYYS.yaml.gz,gs://igvf-pertub-seq-pipeline-data/Engreitz_WTC11-benchmark_TF-Perturb-seq/2026_02_26/2025/10/16/f776605b-d517-4eb8-a4aa-7f2f588d9553/IGVFFI9984SVPZ.tsv.gz,gs://igvf-pertub-seq-pipeline-data/Engreitz_WTC11-benchmark_TF-Perturb-seq/2026_02_26/2025/08/04/cc3d00eb-118c-4230-945f-3cdb847cd849/IGVFFI5765HMZH.tsv.gz,
gs://igvf-pertub-seq-pipeline-data/Engreitz_WTC11-benchmark_TF-Perturb-seq/2026_02_26/2025/07/22/e9dfae6e-15e2-436f-a0dd-8be1810c01b5/IGVFFI0289BNWF.fastq.gz,gs://igvf-pertub-seq-pipeline-data/Engreitz_WTC11-benchmark_TF-Perturb-seq/2026_02_26/2025/07/22/c882f51a-e996-48b3-918d-d30622686f0f/IGVFFI7081GGDU.fastq.gz,scRNA,IGVFDS3636ULPH,1,,gs://igvf-pertub-seq-pipeline-data/Engreitz_WTC11-benchmark_TF-Perturb-seq/2026_02_26/2026/02/17/ac71defa-b07a-41c2-b4bd-9af3faf766a6/IGVFFI6906STSO.yaml.gz,gs://igvf-pertub-seq-pipeline-data/Engreitz_WTC11-benchmark_TF-Perturb-seq/2026_02_26/2025/10/16/f776605b-d517-4eb8-a4aa-7f2f588d9553/IGVFFI9984SVPZ.tsv.gz,gs://igvf-pertub-seq-pipeline-data/Engreitz_WTC11-benchmark_TF-Perturb-seq/2026_02_26/2025/08/04/cc3d00eb-118c-4230-945f-3cdb847cd849/IGVFFI5765HMZH.tsv.gz,
gs://igvf-pertub-seq-pipeline-data/Engreitz_WTC11-benchmark_TF-Perturb-seq/2026_02_26/2025/07/25/1fe6d052-148c-4a47-9d9b-ea2b3da0fc1d/IGVFFI5436FYZN.fastq.gz,gs://igvf-pertub-seq-pipeline-data/Engreitz_WTC11-benchmark_TF-Perturb-seq/2026_02_26/2025/07/25/fa262b24-d437-4198-b23a-5ff90e626850/IGVFFI9134JTSD.fastq.gz,scRNA,IGVFDS3636ULPH,2,,gs://igvf-pertub-seq-pipeline-data/Engreitz_WTC11-benchmark_TF-Perturb-seq/2026_02_26/2026/02/17/ac71defa-b07a-41c2-b4bd-9af3faf766a6/IGVFFI6906STSO.yaml.gz,gs://igvf-pertub-seq-pipeline-data/Engreitz_WTC11-benchmark_TF-Perturb-seq/2026_02_26/2025/10/16/f776605b-d517-4eb8-a4aa-7f2f588d9553/IGVFFI9984SVPZ.tsv.gz,gs://igvf-pertub-seq-pipeline-data/Engreitz_WTC11-benchmark_TF-Perturb-seq/2026_02_26/2025/08/04/cc3d00eb-118c-4230-945f-3cdb847cd849/IGVFFI5765HMZH.tsv.gz,
gs://igvf-pertub-seq-pipeline-data/Engreitz_WTC11-benchmark_TF-Perturb-seq/2026_02_26/2025/07/22/c963e9d9-fc6e-4441-a6e8-6ac38ebdc2f9/IGVFFI0249TGEL.fastq.gz,gs://igvf-pertub-seq-pipeline-data/Engreitz_WTC11-benchmark_TF-Perturb-seq/2026_02_26/2025/07/22/3df4d4a2-a476-468c-96f6-a888e79f040e/IGVFFI2078PVPM.fastq.gz,scRNA,IGVFDS2550EQNC,1,,gs://igvf-pertub-seq-pipeline-data/Engreitz_WTC11-benchmark_TF-Perturb-seq/2026_02_26/2025/11/11/1c0adcb8-7a03-4c8b-83b3-060519f4278c/IGVFFI6082NUGU.yaml.gz,gs://igvf-pertub-seq-pipeline-data/Engreitz_WTC11-benchmark_TF-Perturb-seq/2026_02_26/2025/10/16/f776605b-d517-4eb8-a4aa-7f2f588d9553/IGVFFI9984SVPZ.tsv.gz,gs://igvf-pertub-seq-pipeline-data/Engreitz_WTC11-benchmark_TF-Perturb-seq/2026_02_26/2025/08/04/cc3d00eb-118c-4230-945f-3cdb847cd849/IGVFFI5765HMZH.tsv.gz,
gs://igvf-pertub-seq-pipeline-data/Engreitz_WTC11-benchmark_TF-Perturb-seq/2026_02_26/2025/07/22/6982f094-c9d1-48c2-8f48-ac8b3a7a35a3/IGVFFI4745WFHM.fastq.gz,gs://igvf-pertub-seq-pipeline-data/Engreitz_WTC11-benchmark_TF-Perturb-seq/2026_02_26/2025/07/25/7fd30411-9f76-4615-9b7e-19b293a52028/IGVFFI2192JDTL.fastq.gz,scRNA,IGVFDS2550EQNC,2,,gs://igvf-pertub-seq-pipeline-data/Engreitz_WTC11-benchmark_TF-Perturb-seq/2026_02_26/IGVFDS2550EQNC.yaml,gs://igvf-pertub-seq-pipeline-data/Engreitz_WTC11-benchmark_TF-Perturb-seq/2026_02_26/2025/10/16/f776605b-d517-4eb8-a4aa-7f2f588d9553/IGVFFI9984SVPZ.tsv.gz,gs://igvf-pertub-seq-pipeline-data/Engreitz_WTC11-benchmark_TF-Perturb-seq/2026_02_26/2025/08/04/cc3d00eb-118c-4230-945f-3cdb847cd849/IGVFFI5765HMZH.tsv.gz,
gs://igvf-pertub-seq-pipeline-data/Engreitz_WTC11-benchmark_TF-Perturb-seq/2026_02_26/2025/07/22/0afc37a3-79e3-44d0-b750-ed542989bbcd/IGVFFI3232DBAP.fastq.gz,gs://igvf-pertub-seq-pipeline-data/Engreitz_WTC11-benchmark_TF-Perturb-seq/2026_02_26/2025/07/22/5faf1f4a-887a-43ad-8b43-e245cd1dbb27/IGVFFI4421IACC.fastq.gz,scRNA,IGVFDS1877QEAU,1,,gs://igvf-pertub-seq-pipeline-data/Engreitz_WTC11-benchmark_TF-Perturb-seq/2026_02_26/2026/02/17/ca110b75-f2d3-4f60-998a-970b7a510f9b/IGVFFI2785NOZE.yaml.gz,gs://igvf-pertub-seq-pipeline-data/Engreitz_WTC11-benchmark_TF-Perturb-seq/2026_02_26/2025/10/16/f776605b-d517-4eb8-a4aa-7f2f588d9553/IGVFFI9984SVPZ.tsv.gz,gs://igvf-pertub-seq-pipeline-data/Engreitz_WTC11-benchmark_TF-Perturb-seq/2026_02_26/2025/08/04/cc3d00eb-118c-4230-945f-3cdb847cd849/IGVFFI5765HMZH.tsv.gz,
gs://igvf-pertub-seq-pipeline-data/Engreitz_WTC11-benchmark_TF-Perturb-seq/2026_02_26/2025/07/25/96721fa7-07ef-4ab0-9f9e-9ae0f00b3185/IGVFFI5285TRTV.fastq.gz,gs://igvf-pertub-seq-pipeline-data/Engreitz_WTC11-benchmark_TF-Perturb-seq/2026_02_26/2025/07/25/9d4039a1-ce1e-4885-b38d-c325c83f2f4b/IGVFFI4910JXMD.fastq.gz,scRNA,IGVFDS1877QEAU,2,,gs://igvf-pertub-seq-pipeline-data/Engreitz_WTC11-benchmark_TF-Perturb-seq/2026_02_26/2026/02/17/ca110b75-f2d3-4f60-998a-970b7a510f9b/IGVFFI2785NOZE.yaml.gz,gs://igvf-pertub-seq-pipeline-data/Engreitz_WTC11-benchmark_TF-Perturb-seq/2026_02_26/2025/10/16/f776605b-d517-4eb8-a4aa-7f2f588d9553/IGVFFI9984SVPZ.tsv.gz,gs://igvf-pertub-seq-pipeline-data/Engreitz_WTC11-benchmark_TF-Perturb-seq/2026_02_26/2025/08/04/cc3d00eb-118c-4230-945f-3cdb847cd849/IGVFFI5765HMZH.tsv.gz,
gs://igvf-pertub-seq-pipeline-data/Engreitz_WTC11-benchmark_TF-Perturb-seq/2026_02_26/2025/07/22/5daf5ca9-4b4f-4dee-9171-eafca9fc8777/IGVFFI5724RYBL.fastq.gz,gs://igvf-pertub-seq-pipeline-data/Engreitz_WTC11-benchmark_TF-Perturb-seq/2026_02_26/2025/07/22/643fe8b0-8510-475e-b581-571d60013f58/IGVFFI3498RCLQ.fastq.gz,scRNA,IGVFDS1283GTHY,1,,gs://igvf-pertub-seq-pipeline-data/Engreitz_WTC11-benchmark_TF-Perturb-seq/2026_02_26/2026/02/17/c3daad9a-c49a-48d6-8669-24cec710d5f7/IGVFFI5996WNGO.yaml.gz,gs://igvf-pertub-seq-pipeline-data/Engreitz_WTC11-benchmark_TF-Perturb-seq/2026_02_26/2025/10/16/f776605b-d517-4eb8-a4aa-7f2f588d9553/IGVFFI9984SVPZ.tsv.gz,gs://igvf-pertub-seq-pipeline-data/Engreitz_WTC11-benchmark_TF-Perturb-seq/2026_02_26/2025/08/04/cc3d00eb-118c-4230-945f-3cdb847cd849/IGVFFI5765HMZH.tsv.gz,
gs://igvf-pertub-seq-pipeline-data/Engreitz_WTC11-benchmark_TF-Perturb-seq/2026_02_26/2025/07/25/7fdcd97e-ae5f-4bee-8bc4-07f5a565fad8/IGVFFI7835VOKV.fastq.gz,gs://igvf-pertub-seq-pipeline-data/Engreitz_WTC11-benchmark_TF-Perturb-seq/2026_02_26/2025/07/25/f429581f-b36f-48b8-9774-5e46e2fa506f/IGVFFI5919ZTTB.fastq.gz,scRNA,IGVFDS1283GTHY,2,,gs://igvf-pertub-seq-pipeline-data/Engreitz_WTC11-benchmark_TF-Perturb-seq/2026_02_26/2026/02/17/c3daad9a-c49a-48d6-8669-24cec710d5f7/IGVFFI5996WNGO.yaml.gz,gs://igvf-pertub-seq-pipeline-data/Engreitz_WTC11-benchmark_TF-Perturb-seq/2026_02_26/2025/10/16/f776605b-d517-4eb8-a4aa-7f2f588d9553/IGVFFI9984SVPZ.tsv.gz,gs://igvf-pertub-seq-pipeline-data/Engreitz_WTC11-benchmark_TF-Perturb-seq/2026_02_26/2025/08/04/cc3d00eb-118c-4230-945f-3cdb847cd849/IGVFFI5765HMZH.tsv.gz,
gs://igvf-pertub-seq-pipeline-data/Engreitz_WTC11-benchmark_TF-Perturb-seq/2026_02_26/2025/07/22/a0cf6fa9-564d-47ea-8220-a95370ec78c1/IGVFFI2759BKUN.fastq.gz,gs://igvf-pertub-seq-pipeline-data/Engreitz_WTC11-benchmark_TF-Perturb-seq/2026_02_26/2025/07/22/6d0717b8-07b6-4cbb-8b5a-d950076e27ea/IGVFFI3637MQXS.fastq.gz,scRNA,IGVFDS0208BWWR,1,,gs://igvf-pertub-seq-pipeline-data/Engreitz_WTC11-benchmark_TF-Perturb-seq/2026_02_26/2026/02/17/34f0d7b5-fe20-4c06-a133-73be73a5f20e/IGVFFI5843RCTU.yaml.gz,gs://igvf-pertub-seq-pipeline-data/Engreitz_WTC11-benchmark_TF-Perturb-seq/2026_02_26/2025/10/16/f776605b-d517-4eb8-a4aa-7f2f588d9553/IGVFFI9984SVPZ.tsv.gz,gs://igvf-pertub-seq-pipeline-data/Engreitz_WTC11-benchmark_TF-Perturb-seq/2026_02_26/2025/08/04/cc3d00eb-118c-4230-945f-3cdb847cd849/IGVFFI5765HMZH.tsv.gz,
gs://igvf-pertub-seq-pipeline-data/Engreitz_WTC11-benchmark_TF-Perturb-seq/2026_02_26/2025/07/25/184b2109-b6c6-41c8-913f-087d2cba88d7/IGVFFI7573DSUW.fastq.gz,gs://igvf-pertub-seq-pipeline-data/Engreitz_WTC11-benchmark_TF-Perturb-seq/2026_02_26/2025/07/25/b2c1c7b7-b689-42c2-9068-d6583d67d912/IGVFFI2942QEJY.fastq.gz,scRNA,IGVFDS0208BWWR,2,,gs://igvf-pertub-seq-pipeline-data/Engreitz_WTC11-benchmark_TF-Perturb-seq/2026_02_26/2026/02/17/34f0d7b5-fe20-4c06-a133-73be73a5f20e/IGVFFI5843RCTU.yaml.gz,gs://igvf-pertub-seq-pipeline-data/Engreitz_WTC11-benchmark_TF-Perturb-seq/2026_02_26/2025/10/16/f776605b-d517-4eb8-a4aa-7f2f588d9553/IGVFFI9984SVPZ.tsv.gz,gs://igvf-pertub-seq-pipeline-data/Engreitz_WTC11-benchmark_TF-Perturb-seq/2026_02_26/2025/08/04/cc3d00eb-118c-4230-945f-3cdb847cd849/IGVFFI5765HMZH.tsv.gz,
gs://igvf-pertub-seq-pipeline-data/Engreitz_WTC11-benchmark_TF-Perturb-seq/2026_02_26/2025/07/25/666c1339-e179-45ce-ae0d-9e1e8a98ba32/IGVFFI6652ZMMW.fastq.gz,gs://igvf-pertub-seq-pipeline-data/Engreitz_WTC11-benchmark_TF-Perturb-seq/2026_02_26/2025/07/25/f371df1e-54a3-4b2f-8bc6-461ce6cee28e/IGVFFI4221DQZA.fastq.gz,gRNA,IGVFDS4742SPAY,2,,gs://igvf-pertub-seq-pipeline-data/Engreitz_WTC11-benchmark_TF-Perturb-seq/2026_02_26/2026/02/17/53cf781b-639e-4126-8a54-e7085af643de/IGVFFI7469PPKC.yaml.gz,gs://igvf-pertub-seq-pipeline-data/Engreitz_WTC11-benchmark_TF-Perturb-seq/2026_02_26/2025/10/16/f776605b-d517-4eb8-a4aa-7f2f588d9553/IGVFFI9984SVPZ.tsv.gz,gs://igvf-pertub-seq-pipeline-data/Engreitz_WTC11-benchmark_TF-Perturb-seq/2026_02_26/2025/08/04/cc3d00eb-118c-4230-945f-3cdb847cd849/IGVFFI5765HMZH.tsv.gz,
gs://igvf-pertub-seq-pipeline-data/Engreitz_WTC11-benchmark_TF-Perturb-seq/2026_02_26/2025/07/25/ec7e7184-abf4-4005-886e-df46208c4eb0/IGVFFI6976VDCU.fastq.gz,gs://igvf-pertub-seq-pipeline-data/Engreitz_WTC11-benchmark_TF-Perturb-seq/2026_02_26/2025/07/25/64df9817-7ba5-45cf-ad4d-cc693af5cd24/IGVFFI4786WHNR.fastq.gz,gRNA,IGVFDS4742SPAY,1,,gs://igvf-pertub-seq-pipeline-data/Engreitz_WTC11-benchmark_TF-Perturb-seq/2026_02_26/2026/02/17/53cf781b-639e-4126-8a54-e7085af643de/IGVFFI7469PPKC.yaml.gz,gs://igvf-pertub-seq-pipeline-data/Engreitz_WTC11-benchmark_TF-Perturb-seq/2026_02_26/2025/10/16/f776605b-d517-4eb8-a4aa-7f2f588d9553/IGVFFI9984SVPZ.tsv.gz,gs://igvf-pertub-seq-pipeline-data/Engreitz_WTC11-benchmark_TF-Perturb-seq/2026_02_26/2025/08/04/cc3d00eb-118c-4230-945f-3cdb847cd849/IGVFFI5765HMZH.tsv.gz,
gs://igvf-pertub-seq-pipeline-data/Engreitz_WTC11-benchmark_TF-Perturb-seq/2026_02_26/2025/07/25/2ca6e209-c783-4450-a87a-192a9343debc/IGVFFI1850JOHD.fastq.gz,gs://igvf-pertub-seq-pipeline-data/Engreitz_WTC11-benchmark_TF-Perturb-seq/2026_02_26/2025/07/25/e088d47f-9a79-42a3-9e97-251819fc2dcb/IGVFFI3937DODL.fastq.gz,gRNA,IGVFDS0208BWWR,2,,gs://igvf-pertub-seq-pipeline-data/Engreitz_WTC11-benchmark_TF-Perturb-seq/2026_02_26/2026/02/17/2cc2ff0e-048f-40d9-b681-9c6d2d8c98e6/IGVFFI5358QCVI.yaml.gz,gs://igvf-pertub-seq-pipeline-data/Engreitz_WTC11-benchmark_TF-Perturb-seq/2026_02_26/2025/10/16/f776605b-d517-4eb8-a4aa-7f2f588d9553/IGVFFI9984SVPZ.tsv.gz,gs://igvf-pertub-seq-pipeline-data/Engreitz_WTC11-benchmark_TF-Perturb-seq/2026_02_26/2025/08/04/cc3d00eb-118c-4230-945f-3cdb847cd849/IGVFFI5765HMZH.tsv.gz,
gs://igvf-pertub-seq-pipeline-data/Engreitz_WTC11-benchmark_TF-Perturb-seq/2026_02_26/2025/07/25/8df79717-d36c-4468-b500-590d3b5f284d/IGVFFI7513VORU.fastq.gz,gs://igvf-pertub-seq-pipeline-data/Engreitz_WTC11-benchmark_TF-Perturb-seq/2026_02_26/2025/07/25/ffc57e44-3c42-4e2a-83c0-dd4ede870964/IGVFFI6203XZGF.fastq.gz,gRNA,IGVFDS0208BWWR,1,,gs://igvf-pertub-seq-pipeline-data/Engreitz_WTC11-benchmark_TF-Perturb-seq/2026_02_26/2026/02/17/2cc2ff0e-048f-40d9-b681-9c6d2d8c98e6/IGVFFI5358QCVI.yaml.gz,gs://igvf-pertub-seq-pipeline-data/Engreitz_WTC11-benchmark_TF-Perturb-seq/2026_02_26/2025/10/16/f776605b-d517-4eb8-a4aa-7f2f588d9553/IGVFFI9984SVPZ.tsv.gz,gs://igvf-pertub-seq-pipeline-data/Engreitz_WTC11-benchmark_TF-Perturb-seq/2026_02_26/2025/08/04/cc3d00eb-118c-4230-945f-3cdb847cd849/IGVFFI5765HMZH.tsv.gz,
gs://igvf-pertub-seq-pipeline-data/Engreitz_WTC11-benchmark_TF-Perturb-seq/2026_02_26/2025/07/25/cbf224d4-3629-4721-ace9-889ca4f6a51f/IGVFFI2531DBWW.fastq.gz,gs://igvf-pertub-seq-pipeline-data/Engreitz_WTC11-benchmark_TF-Perturb-seq/2026_02_26/2025/07/25/08e389eb-f598-4ab2-a5a6-c46fd3467757/IGVFFI4221FNGN.fastq.gz,gRNA,IGVFDS1877QEAU,2,,gs://igvf-pertub-seq-pipeline-data/Engreitz_WTC11-benchmark_TF-Perturb-seq/2026_02_26/2026/02/17/872f77c6-c5b0-4541-b8a7-0c477cf918ff/IGVFFI7628PNJI.yaml.gz,gs://igvf-pertub-seq-pipeline-data/Engreitz_WTC11-benchmark_TF-Perturb-seq/2026_02_26/2025/10/16/f776605b-d517-4eb8-a4aa-7f2f588d9553/IGVFFI9984SVPZ.tsv.gz,gs://igvf-pertub-seq-pipeline-data/Engreitz_WTC11-benchmark_TF-Perturb-seq/2026_02_26/2025/08/04/cc3d00eb-118c-4230-945f-3cdb847cd849/IGVFFI5765HMZH.tsv.gz,
gs://igvf-pertub-seq-pipeline-data/Engreitz_WTC11-benchmark_TF-Perturb-seq/2026_02_26/2025/07/25/d6354058-7b61-42f3-8de7-206417a9574a/IGVFFI3244TXOX.fastq.gz,gs://igvf-pertub-seq-pipeline-data/Engreitz_WTC11-benchmark_TF-Perturb-seq/2026_02_26/2025/07/25/2f6aa603-c951-450e-8ab7-c84a7bca2461/IGVFFI6419FGKA.fastq.gz,gRNA,IGVFDS1877QEAU,1,,gs://igvf-pertub-seq-pipeline-data/Engreitz_WTC11-benchmark_TF-Perturb-seq/2026_02_26/2026/02/17/872f77c6-c5b0-4541-b8a7-0c477cf918ff/IGVFFI7628PNJI.yaml.gz,gs://igvf-pertub-seq-pipeline-data/Engreitz_WTC11-benchmark_TF-Perturb-seq/2026_02_26/2025/10/16/f776605b-d517-4eb8-a4aa-7f2f588d9553/IGVFFI9984SVPZ.tsv.gz,gs://igvf-pertub-seq-pipeline-data/Engreitz_WTC11-benchmark_TF-Perturb-seq/2026_02_26/2025/08/04/cc3d00eb-118c-4230-945f-3cdb847cd849/IGVFFI5765HMZH.tsv.gz,
gs://igvf-pertub-seq-pipeline-data/Engreitz_WTC11-benchmark_TF-Perturb-seq/2026_02_26/2025/07/25/aa329e76-7c6b-41f1-b813-91f7d6104e18/IGVFFI2834DTMA.fastq.gz,gs://igvf-pertub-seq-pipeline-data/Engreitz_WTC11-benchmark_TF-Perturb-seq/2026_02_26/2025/07/25/bcffec5c-681a-4a81-96af-67a4f0a92e17/IGVFFI7207CKCB.fastq.gz,gRNA,IGVFDS3636ULPH,1,,gs://igvf-pertub-seq-pipeline-data/Engreitz_WTC11-benchmark_TF-Perturb-seq/2026_02_26/2026/02/17/2b49bd87-aa82-41ad-8b51-a2d7316f7259/IGVFFI4006RNQZ.yaml.gz,gs://igvf-pertub-seq-pipeline-data/Engreitz_WTC11-benchmark_TF-Perturb-seq/2026_02_26/2025/10/16/f776605b-d517-4eb8-a4aa-7f2f588d9553/IGVFFI9984SVPZ.tsv.gz,gs://igvf-pertub-seq-pipeline-data/Engreitz_WTC11-benchmark_TF-Perturb-seq/2026_02_26/2025/08/04/cc3d00eb-118c-4230-945f-3cdb847cd849/IGVFFI5765HMZH.tsv.gz,
gs://igvf-pertub-seq-pipeline-data/Engreitz_WTC11-benchmark_TF-Perturb-seq/2026_02_26/2025/07/25/6717887b-33ef-4bc0-b873-8c205bda82c0/IGVFFI3741PVML.fastq.gz,gs://igvf-pertub-seq-pipeline-data/Engreitz_WTC11-benchmark_TF-Perturb-seq/2026_02_26/2025/07/25/95fb6ff6-d4c3-41a8-a1d6-f6c66a1dc4f3/IGVFFI8642HYJQ.fastq.gz,gRNA,IGVFDS3636ULPH,2,,gs://igvf-pertub-seq-pipeline-data/Engreitz_WTC11-benchmark_TF-Perturb-seq/2026_02_26/2026/02/17/2b49bd87-aa82-41ad-8b51-a2d7316f7259/IGVFFI4006RNQZ.yaml.gz,gs://igvf-pertub-seq-pipeline-data/Engreitz_WTC11-benchmark_TF-Perturb-seq/2026_02_26/2025/10/16/f776605b-d517-4eb8-a4aa-7f2f588d9553/IGVFFI9984SVPZ.tsv.gz,gs://igvf-pertub-seq-pipeline-data/Engreitz_WTC11-benchmark_TF-Perturb-seq/2026_02_26/2025/08/04/cc3d00eb-118c-4230-945f-3cdb847cd849/IGVFFI5765HMZH.tsv.gz,
gs://igvf-pertub-seq-pipeline-data/Engreitz_WTC11-benchmark_TF-Perturb-seq/2026_02_26/2025/07/25/468066ae-99cf-49a3-881c-214bdbb9b993/IGVFFI0542TJER.fastq.gz,gs://igvf-pertub-seq-pipeline-data/Engreitz_WTC11-benchmark_TF-Perturb-seq/2026_02_26/2025/07/25/2becf427-7f97-490c-aa85-c27d1a96cd4d/IGVFFI2593DTGP.fastq.gz,gRNA,IGVFDS1283GTHY,1,,gs://igvf-pertub-seq-pipeline-data/Engreitz_WTC11-benchmark_TF-Perturb-seq/2026_02_26/2026/02/17/d6094d9b-1990-4152-ae48-cdee7696e327/IGVFFI5304MPTH.yaml.gz,gs://igvf-pertub-seq-pipeline-data/Engreitz_WTC11-benchmark_TF-Perturb-seq/2026_02_26/2025/10/16/f776605b-d517-4eb8-a4aa-7f2f588d9553/IGVFFI9984SVPZ.tsv.gz,gs://igvf-pertub-seq-pipeline-data/Engreitz_WTC11-benchmark_TF-Perturb-seq/2026_02_26/2025/08/04/cc3d00eb-118c-4230-945f-3cdb847cd849/IGVFFI5765HMZH.tsv.gz,
gs://igvf-pertub-seq-pipeline-data/Engreitz_WTC11-benchmark_TF-Perturb-seq/2026_02_26/2025/07/25/48fbe03c-e342-4320-96c0-cae979fd0615/IGVFFI9389URLP.fastq.gz,gs://igvf-pertub-seq-pipeline-data/Engreitz_WTC11-benchmark_TF-Perturb-seq/2026_02_26/2025/07/25/ff212732-c0c2-4be3-824f-0892b97773ee/IGVFFI6638PSJF.fastq.gz,gRNA,IGVFDS1283GTHY,2,,gs://igvf-pertub-seq-pipeline-data/Engreitz_WTC11-benchmark_TF-Perturb-seq/2026_02_26/2026/02/17/d6094d9b-1990-4152-ae48-cdee7696e327/IGVFFI5304MPTH.yaml.gz,gs://igvf-pertub-seq-pipeline-data/Engreitz_WTC11-benchmark_TF-Perturb-seq/2026_02_26/2025/10/16/f776605b-d517-4eb8-a4aa-7f2f588d9553/IGVFFI9984SVPZ.tsv.gz,gs://igvf-pertub-seq-pipeline-data/Engreitz_WTC11-benchmark_TF-Perturb-seq/2026_02_26/2025/08/04/cc3d00eb-118c-4230-945f-3cdb847cd849/IGVFFI5765HMZH.tsv.gz,
gs://igvf-pertub-seq-pipeline-data/Engreitz_WTC11-benchmark_TF-Perturb-seq/2026_02_26/2025/07/25/5f0a141f-48da-4c4d-9b8d-d143a8fe9dde/IGVFFI4120EJLE.fastq.gz,gs://igvf-pertub-seq-pipeline-data/Engreitz_WTC11-benchmark_TF-Perturb-seq/2026_02_26/2025/07/25/3ac4a254-667b-425c-bf34-1460806736db/IGVFFI4362MLON.fastq.gz,gRNA,IGVFDS3696BCUD,1,,gs://igvf-pertub-seq-pipeline-data/Engreitz_WTC11-benchmark_TF-Perturb-seq/2026_02_26/2026/02/17/1a00af12-9ac7-45d6-af3b-3ff84bc70728/IGVFFI5054JZYF.yaml.gz,gs://igvf-pertub-seq-pipeline-data/Engreitz_WTC11-benchmark_TF-Perturb-seq/2026_02_26/2025/10/16/f776605b-d517-4eb8-a4aa-7f2f588d9553/IGVFFI9984SVPZ.tsv.gz,gs://igvf-pertub-seq-pipeline-data/Engreitz_WTC11-benchmark_TF-Perturb-seq/2026_02_26/2025/08/04/cc3d00eb-118c-4230-945f-3cdb847cd849/IGVFFI5765HMZH.tsv.gz,
gs://igvf-pertub-seq-pipeline-data/Engreitz_WTC11-benchmark_TF-Perturb-seq/2026_02_26/2025/07/25/cfa5c649-cabe-4c9d-a79e-49b17239f3b9/IGVFFI6417MHMG.fastq.gz,gs://igvf-pertub-seq-pipeline-data/Engreitz_WTC11-benchmark_TF-Perturb-seq/2026_02_26/2025/07/25/6b6b7ae9-ee69-4771-b412-66c05df8c6ba/IGVFFI6343UEIA.fastq.gz,gRNA,IGVFDS3696BCUD,2,,gs://igvf-pertub-seq-pipeline-data/Engreitz_WTC11-benchmark_TF-Perturb-seq/2026_02_26/2026/02/17/1a00af12-9ac7-45d6-af3b-3ff84bc70728/IGVFFI5054JZYF.yaml.gz,gs://igvf-pertub-seq-pipeline-data/Engreitz_WTC11-benchmark_TF-Perturb-seq/2026_02_26/2025/10/16/f776605b-d517-4eb8-a4aa-7f2f588d9553/IGVFFI9984SVPZ.tsv.gz,gs://igvf-pertub-seq-pipeline-data/Engreitz_WTC11-benchmark_TF-Perturb-seq/2026_02_26/2025/08/04/cc3d00eb-118c-4230-945f-3cdb847cd849/IGVFFI5765HMZH.tsv.gz,
gs://igvf-pertub-seq-pipeline-data/Engreitz_WTC11-benchmark_TF-Perturb-seq/2026_02_26/2025/07/25/a86a5e58-e592-45ea-9eac-7ac964a04a41/IGVFFI1355SFMW.fastq.gz,gs://igvf-pertub-seq-pipeline-data/Engreitz_WTC11-benchmark_TF-Perturb-seq/2026_02_26/2025/07/25/05f54bbd-c36f-49bf-8f1e-21d8fd5c2cc2/IGVFFI8711UYRP.fastq.gz,gRNA,IGVFDS4110WAOQ,1,,gs://igvf-pertub-seq-pipeline-data/Engreitz_WTC11-benchmark_TF-Perturb-seq/2026_02_26/2026/02/17/44c6dcfe-484c-462a-afcf-c22b74def72c/IGVFFI3045BEBG.yaml.gz,gs://igvf-pertub-seq-pipeline-data/Engreitz_WTC11-benchmark_TF-Perturb-seq/2026_02_26/2025/10/16/f776605b-d517-4eb8-a4aa-7f2f588d9553/IGVFFI9984SVPZ.tsv.gz,gs://igvf-pertub-seq-pipeline-data/Engreitz_WTC11-benchmark_TF-Perturb-seq/2026_02_26/2025/08/04/cc3d00eb-118c-4230-945f-3cdb847cd849/IGVFFI5765HMZH.tsv.gz,
gs://igvf-pertub-seq-pipeline-data/Engreitz_WTC11-benchmark_TF-Perturb-seq/2026_02_26/2025/07/25/1f53969b-ee51-4ca9-b13a-d9a26603c228/IGVFFI9697RWAX.fastq.gz,gs://igvf-pertub-seq-pipeline-data/Engreitz_WTC11-benchmark_TF-Perturb-seq/2026_02_26/2025/07/25/8b91226e-503c-4771-b3fa-ece33b643f96/IGVFFI2450MTBW.fastq.gz,gRNA,IGVFDS4110WAOQ,2,,gs://igvf-pertub-seq-pipeline-data/Engreitz_WTC11-benchmark_TF-Perturb-seq/2026_02_26/2026/02/17/44c6dcfe-484c-462a-afcf-c22b74def72c/IGVFFI3045BEBG.yaml.gz,gs://igvf-pertub-seq-pipeline-data/Engreitz_WTC11-benchmark_TF-Perturb-seq/2026_02_26/2025/10/16/f776605b-d517-4eb8-a4aa-7f2f588d9553/IGVFFI9984SVPZ.tsv.gz,gs://igvf-pertub-seq-pipeline-data/Engreitz_WTC11-benchmark_TF-Perturb-seq/2026_02_26/2025/08/04/cc3d00eb-118c-4230-945f-3cdb847cd849/IGVFFI5765HMZH.tsv.gz,
gs://igvf-pertub-seq-pipeline-data/Engreitz_WTC11-benchmark_TF-Perturb-seq/2026_02_26/2025/07/25/d846ae10-1ef5-4aa2-90d2-f5f9d7402b50/IGVFFI9204EJET.fastq.gz,gs://igvf-pertub-seq-pipeline-data/Engreitz_WTC11-benchmark_TF-Perturb-seq/2026_02_26/2025/07/25/570ccfbc-219f-46ba-a2d3-2f1d8ab15502/IGVFFI1221WHBJ.fastq.gz,gRNA,IGVFDS2550EQNC,2,,gs://igvf-pertub-seq-pipeline-data/Engreitz_WTC11-benchmark_TF-Perturb-seq/2026_02_26/2026/02/04/8398b4e4-9772-4617-b700-431cf6ad675e/IGVFFI9348HZUK.yaml.gz,gs://igvf-pertub-seq-pipeline-data/Engreitz_WTC11-benchmark_TF-Perturb-seq/2026_02_26/2025/10/16/f776605b-d517-4eb8-a4aa-7f2f588d9553/IGVFFI9984SVPZ.tsv.gz,gs://igvf-pertub-seq-pipeline-data/Engreitz_WTC11-benchmark_TF-Perturb-seq/2026_02_26/2025/08/04/cc3d00eb-118c-4230-945f-3cdb847cd849/IGVFFI5765HMZH.tsv.gz,
gs://igvf-pertub-seq-pipeline-data/Engreitz_WTC11-benchmark_TF-Perturb-seq/2026_02_26/2025/07/25/8d6c1934-82f9-40d2-97db-8f210fb3a793/IGVFFI8877XPBL.fastq.gz,gs://igvf-pertub-seq-pipeline-data/Engreitz_WTC11-benchmark_TF-Perturb-seq/2026_02_26/2025/07/25/38c4ac13-9a08-439d-b802-e7a283e6fe16/IGVFFI7273JAUV.fastq.gz,gRNA,IGVFDS2550EQNC,1,,gs://igvf-pertub-seq-pipeline-data/Engreitz_WTC11-benchmark_TF-Perturb-seq/2026_02_26/2026/02/04/8398b4e4-9772-4617-b700-431cf6ad675e/IGVFFI9348HZUK.yaml.gz,gs://igvf-pertub-seq-pipeline-data/Engreitz_WTC11-benchmark_TF-Perturb-seq/2026_02_26/2025/10/16/f776605b-d517-4eb8-a4aa-7f2f588d9553/IGVFFI9984SVPZ.tsv.gz,gs://igvf-pertub-seq-pipeline-data/Engreitz_WTC11-benchmark_TF-Perturb-seq/2026_02_26/2025/08/04/cc3d00eb-118c-4230-945f-3cdb847cd849/IGVFFI5765HMZH.tsv.gz,
